5
1 6 7 8 9
5

3
20 23 25
3

3
23 20 22
4

10
1 2 8 17 38 80 162 324 649 1300
22

10
2 5 13 27 55 114 230 464 930 1860
22

10
4 8 20 41 83 166 334 669 1340 2680
86

10
3 10 24 48 97 198 400 803 1610 3221
66

10
5 12 26 54 109 220 443 886 1774 3551
46

10
5 10 21 45 92 188 377 755 1514 3031
62

10
4 12 28 59 118 237 477 958 1919 3841
22

10
3 8 18 36 74 148 300 603 1209 2418
26

10
4 12 25 50 103 206 413 830 1662 3325
70

10
1 4 10 20 43 86 172 346 694 1392
50

10
2 4 8 18 39 80 161 325 650 1300
82

10
1 4 10 22 47 95 190 384 770 1543
74

10
4 11 25 51 104 211 426 853 1710 3423
34

10
4 9 18 37 74 152 304 608 1218 2440
58

10
1 2 4 8 17 34 71 142 286 575
38

10
4 11 26 55 114 228 459 921 1844 3690
50

10
1 2 4 9 19 39 79 158 316 632
66

10
1 2 8 16 32 66 136 275 553 1107
46

10
3 6 13 28 56 116 236 476 954 1911
90

10
4 9 19 41 82 168 340 681 1364 2731
86

10
3 7 16 34 70 141 284 568 1140 2280
58

10
1 2 7 17 34 68 136 274 550 1100
54

10
5 14 29 58 119 239 482 968 1936 3875
98

10
5 11 26 55 111 224 450 903 1809 3620
74

10
4 12 28 59 121 244 492 985 1971 3945
2

10
5 10 20 43 87 176 352 704 1408 2817
30

10
1 6 16 32 66 134 272 545 1091 2186
10

10
4 9 20 40 83 166 334 669 1338 2677
6

10
3 10 21 44 92 188 378 756 1515 3034
22

10
2 6 15 33 68 137 277 554 1109 2220
54

10
1 5 14 31 64 128 257 517 1038 2078
42

10
4 12 24 48 98 196 392 785 1572 3144
6

10
1 3 6 13 27 56 115 231 463 928
54

10
3 10 21 43 88 179 361 725 1454 2910
34

10
3 9 21 46 95 192 387 775 1551 3104
66

10
4 10 24 48 99 202 406 812 1624 3250
54

10
3 6 12 25 51 105 211 423 850 1701
74

10
1 3 7 15 31 65 133 266 535 1073
22

10
2 5 11 23 48 96 194 388 777 1557
38

10
4 9 18 36 74 148 300 603 1209 2419
22

10
2 4 9 21 44 91 186 376 755 1514
86

10
1 2 7 17 38 78 160 322 644 1290
54

10
2 4 10 22 45 94 189 379 760 1521
78

10
5 11 23 48 96 193 388 777 1554 3108
6

10
4 8 16 36 74 151 302 605 1214 2430
46

10
1 4 8 17 38 78 158 320 643 1286
30

10
1 5 11 24 49 98 196 394 792 1588
98

10
2 5 12 28 58 117 238 480 964 1928
54

10
1 6 12 27 58 120 242 485 973 1948
98

10
2 4 9 22 46 96 195 393 789 1580
94

10
3 7 17 35 73 148 296 594 1189 2378
1

10
3 7 17 35 73 148 296 594 1189 2378
2

10
3 7 17 35 73 148 296 594 1189 2378
4

10
3 7 17 35 73 148 296 594 1189 2378
7

10
3 7 17 35 73 148 296 594 1189 2378
11

10
3 7 17 35 73 148 296 594 1189 2378
12

10
3 7 17 35 73 148 296 594 1189 2378
14

10
3 7 17 35 73 148 296 594 1189 2378
17

10
3 7 17 35 73 148 296 594 1189 2378
21

10
3 7 17 35 73 148 296 594 1189 2378
22

10
3 7 17 35 73 148 296 594 1189 2378
24

10
3 7 17 35 73 148 296 594 1189 2378
27

10
3 7 17 35 73 148 296 594 1189 2378
31

10
3 7 17 35 73 148 296 594 1189 2378
32

10
3 7 17 35 73 148 296 594 1189 2378
34

10
3 7 17 35 73 148 296 594 1189 2378
37

10
3 7 17 35 73 148 296 594 1189 2378
41

10
3 7 17 35 73 148 296 594 1189 2378
42

10
3 7 17 35 73 148 296 594 1189 2378
44

10
3 7 17 35 73 148 296 594 1189 2378
47

10
3 7 17 35 73 148 296 594 1189 2378
51

10
3 7 17 35 73 148 296 594 1189 2378
52

10
3 7 17 35 73 148 296 594 1189 2378
54

10
3 7 17 35 73 148 296 594 1189 2378
57

10
3 7 17 35 73 148 296 594 1189 2378
61

10
3 7 17 35 73 148 296 594 1189 2378
62

10
3 7 17 35 73 148 296 594 1189 2378
64

10
3 7 17 35 73 148 296 594 1189 2378
67

10
3 7 17 35 73 148 296 594 1189 2378
71

10
3 7 17 35 73 148 296 594 1189 2378
72

10
3 7 17 35 73 148 296 594 1189 2378
74

10
3 7 17 35 73 148 296 594 1189 2378
77

10
3 7 17 35 73 148 296 594 1189 2378
81

10
3 7 17 35 73 148 296 594 1189 2378
82

10
3 7 17 35 73 148 296 594 1189 2378
84

10
3 7 17 35 73 148 296 594 1189 2378
87

10
3 7 17 35 73 148 296 594 1189 2378
91

10
3 7 17 35 73 148 296 594 1189 2378
92

10
3 7 17 35 73 148 296 594 1189 2378
94

10
3 7 17 35 73 148 296 594 1189 2378
97

10
3 7 17 35 73 148 296 594 1189 2378
101

10
3 7 17 35 73 148 296 594 1189 2378
102

10
3 7 17 35 73 148 296 594 1189 2378
104

10
3 7 17 35 73 148 296 594 1189 2378
107

10
3 7 17 35 73 148 296 594 1189 2378
111

10
3 7 17 35 73 148 296 594 1189 2378
112

10
3 7 17 35 73 148 296 594 1189 2378
114

10
3 7 17 35 73 148 296 594 1189 2378
117

10
3 7 17 35 73 148 296 594 1189 2378
121

10
3 7 17 35 73 148 296 594 1189 2378
122

1
3
48

1
1
70

1
1
84

1
1
10

1
7
44

1
7
50

1
5
24

1
3
50

1
5
24

1
1
34

1
1
999999999

100
999999999 999999999 999999999 999999999 999999999 999999999 999999999 999999999 999999999 999999999 999999999 999999999 999999999 999999999 999999999 999999999 999999999 999999999 999999999 999999999 999999999 999999999 999999999 999999999 999999999 999999999 999999999 999999999 999999999 999999999 999999999 999999999 999999999 999999999 999999999 999999999 999999999 999999999 999999999 999999999 999999999 999999999 999999999 999999999 999999999 999999999 999999999 999999999 999999999 999999999 999999999 999999999 999999999 999999999 999999999 999999999 999999999 999999999 999999999 999999999 999999999 999999999 999999999 999999999 999999999 999999999 999999999 999999999 999999999 999999999 999999999 999999999 999999999 999999999 999999999 999999999 999999999 999999999 999999999 999999999 999999999 999999999 999999999 999999999 999999999 999999999 999999999 999999999 999999999 999999999 999999999 999999999 999999999 999999999 999999999 999999999 999999999 999999999 999999999 999999999
100

3
999999991 999999995 999999993
3

0
