40
0 0 0 1 1 1
-1 -1 -1 0 0 0
-1 -1 -1 1 1 1
0 0 0 2 2 2
0 0 0 1 2 3
10 11 12 11 12 13
-5000 -5000 -5000 5000 5000 5000
-5000 -5000 -5000 5000 5000 5000
-5000 -5000 -5000 5000 5000 5000
0 0 0 1 1 1
0 0 0 1 1 1
-5000 -5000 -5000 5000 5000 5000
0 0 0 1 1 1
0 0 0 5000 5000 5000
0 0 0 2 2 2
0 0 0 1 1 1
-234 -8 -2377 232 843 1290
122 348 1000 5000 4999 4999
1 1 1 2 2 2
1 1 1 2 2 2
-10 -10 -10 -1 -1 -1
-20 -20 -20 -5 -5 -5
-20 -20 -20 -5 -5 -5
-10 -10 -10 -1 -1 -1
-10 -10 -10 -1 -1 -1
-100 -100 -100 -50 -50 -50
-20 -20 -20 -10 -10 -10
-200 -200 -200 -10 -10 -10
12 -12 12 25 25 25
-12 12 12 25 25 25
0 0 12 1 1 15
0 0 -10 1 1 13
40 25 34 122 100 134
2 35 36 50 44 58
16 1 38 38 68 58
2 -21 -28 18 52 -6
48 -35 14 50 -28 30
2 31 -28 18 72 58
-28 29 -46 38 96 14
-26 -37 -16 26 56 50
4 -3 -38 62 44 -10
-22 15 12 62 96 58
4 5 -34 58 68 26
26 11 -36 30 108 26
-32 29 -6 62 60 46
38 19 -32 82 116 -10
12 -3 2 98 0 58
-26 3 48 10 96 74
-12 -11 -34 -6 48 62
46 -1 32 138 96 102
40 17 -38 106 116 38
30 27 -28 50 28 22
-4 25 10 14 124 78
-14 3 0 2 96 82
0 -23 42 98 -4 94
-30 -41 -8 34 -4 66
48 -7 -2 90 16 42
-46 -29 -16 18 -28 18
48 21 30 70 32 50
-10 -45 32 10 -36 90
0 45 10 46 52 66
-42 -5 -8 22 84 30
48 13 -26 142 88 -10
18 -37 -8 26 52 42
0 5 -50 62 92 42
46 15 20 122 80 86
40 5 -46 66 76 -18
-6 3 28 66 8 74
-8 45 -14 70 56 26
-46 -1 -28 -42 16 62
-12 -39 -14 82 52 6
34 -29 -48 58 56 38
-8 1 -38 30 84 -26
-38 -5 -16 58 32 42
-20 25 -2 -6 116 14
-10 47 -48 86 140 6
-16 29 26 10 68 98
34 39 -20 58 136 78
24 21 -46 118 28 -18
2 43 -32 30 68 42
