500
3 -3
3 -2
3 -1
3 0
3 1
3 2
3 3
4 -4
4 -3
4 -2
4 -1
4 0
4 1
4 2
4 3
4 4
5 -5
5 -4
5 -3
5 -2
5 -1
5 0
5 1
5 2
5 3
5 4
5 5
6 -6
6 -5
6 -4
6 -3
6 -2
6 -1
6 0
6 1
6 2
6 3
6 4
6 5
6 6
7 -7
7 -6
7 -5
7 -4
7 -3
7 -2
7 -1
7 0
7 1
7 2
7 3
7 4
7 5
7 6
7 7
8 -8
8 -7
8 -6
8 -5
8 -4
8 -3
8 -2
8 -1
8 0
8 1
8 2
8 3
8 4
8 5
8 6
8 7
8 8
9 -9
9 -8
9 -7
9 -6
9 -5
9 -4
9 -3
9 -2
9 -1
9 0
9 1
9 2
9 3
9 4
9 5
9 6
9 7
9 8
9 9
10 -10
10 -9
10 -8
10 -7
10 -6
10 -5
10 -4
10 -3
10 -2
10 -1
10 0
10 1
10 2
10 3
10 4
10 5
10 6
10 7
10 8
10 9
10 10
11 -11
11 -10
11 -9
11 -8
11 -7
11 -6
11 -5
11 -4
11 -3
11 -2
11 -1
11 0
11 1
11 2
11 3
11 4
11 5
11 6
11 7
11 8
11 9
11 10
11 11
12 -12
12 -11
12 -10
12 -9
12 -8
12 -7
12 -6
12 -5
12 -4
12 -3
12 -2
12 -1
12 0
12 1
12 2
12 3
12 4
12 5
12 6
12 7
12 8
12 9
12 10
12 11
12 12
13 -13
13 -12
13 -11
13 -10
13 -9
13 -8
13 -7
13 -6
13 -5
13 -4
13 -3
13 -2
13 -1
13 0
13 1
13 2
13 3
13 4
13 5
13 6
13 7
13 8
13 9
13 10
13 11
13 12
13 13
14 -14
14 -13
14 -12
14 -11
14 -10
14 -9
14 -8
14 -7
14 -6
14 -5
14 -4
14 -3
14 -2
14 -1
14 0
14 1
14 2
14 3
14 4
14 5
14 6
14 7
14 8
14 9
14 10
14 11
14 12
14 13
14 14
15 -15
15 -14
15 -13
15 -12
15 -11
15 -10
15 -9
15 -8
15 -7
15 -6
15 -5
15 -4
15 -3
15 -2
15 -1
15 0
15 1
15 2
15 3
15 4
15 5
15 6
15 7
15 8
15 9
15 10
15 11
15 12
15 13
15 14
15 15
1000 1000
1000 -1000
1000 0
1000 1
1000 -1
1000 501
1000 -337
42 29
335 35
170 -86
479 139
963 389
706 611
282 189
962 -471
996 986
828 -360
392 100
903 -750
293 -217
422 -274
719 482
448 -226
772 -42
870 -98
668 247
36 -6
704 579
323 294
674 -54
142 -99
254 10
548 -304
663 270
38 -23
724 329
530 248
317 182
191 123
289 -239
41 -37
265 123
447 114
891 492
371 139
7 0
394 2
630 -607
85 -21
757 485
967 607
932 -720
945 -636
627 -590
538 -520
119 59
930 731
834 257
640 -422
705 -645
978 -628
674 144
22 -9
925 -353
271 138
778 -765
98 -50
987 459
162 6
356 203
656 486
32 -12
351 97
942 58
967 529
108 59
8 1
458 -79
754 581
946 395
210 -112
222 162
423 -11
507 355
414 -226
901 -746
763 -634
411 194
625 -88
549 444
596 -131
603 -373
292 176
375 145
597 -456
349 -184
669 -269
282 -60
54 1
419 -135
901 -717
128 83
729 -416
649 -232
808 -3
311 86
814 560
310 -134
936 -333
601 -160
520 -164
799 740
225 -17
845 -346
990 32
196 -95
94 -39
524 15
315 -262
449 -393
459 -267
581 -539
799 100
590 148
10 7
473 445
539 -105
39 38
191 52
959 -522
816 -776
157 50
203 -5
273 126
329 -55
363 167
876 -475
870 132
845 571
882 -636
323 240
22 1
558 18
893 278
76 -4
601 -495
4 1
862 34
402 -261
256 -217
3 -2
183 -146
89 9
618 -345
833 111
170 -56
722 583
977 -912
369 279
426 -95
435 -416
442 230
146 102
719 158
140 -37
280 -44
688 -543
550 387
867 -56
194 109
298 -146
287 -254
489 145
456 -258
115 86
317 66
787 458
314 177
186 151
913 765
833 120
314 -190
322 -84
647 161
482 -194
197 -69
130 -49
536 -454
174 -148
45 14
293 -224
254 -42
155 -95
746 507
187 -102
475 -3
169 -9
788 -339
959 678
203 174
478 112
315 309
335 79
373 -356
834 548
488 481
519 392
774 536
764 376
193 -104
103 -69
214 137
803 84
528 -15
544 292
24 -4
62 -17
4 -4
506 -237
726 689
493 -351
223 -157
65 35
188 -100
414 -76
271 173
236 -83
712 -584
897 182
286 252
141 17
696 48
20 -15
577 345
659 601
372 -226
679 186
852 776
19 -17
120 -8
801 -336
61 35
11 -6
171 -34
577 -354
44 10
165 -6
883 309
566 -475
578 24
626 -39
630 -202
424 112
