100
1
2
3
4
5
6
7
8
9
10
11
12
13
14
15
16
17
18
19
20
31
17
63
33
127
65
255
129
511
257
1023
513
2047
1025
4095
2049
8191
4097
16383
8193
32767
16385
65535
32769
131071
65537
262143
131073
524287
262145
1048575
524289
2097151
1048577
4194303
2097153
8388607
4194305
16777215
8388609
33554431
16777217
67108863
33554433
134217727
67108865
268435455
134217729
536870911
268435457
1073741823
536870913
2147483647
1073741825
2147483647
999999883
999999893
999999929
999999937
111
96
105
102
95
120
73
106
107
68
29
42
87
72
109
42
87
40
73
50
43
