1
42

2
12 21

2
21 12

2
12 12

100
1 2 3 4 5 6 7 8 9 10 11 12 13 14 15 16 17 18 19 20 21 22 23 24 25 26 27 28 29 30 31 32 33 34 35 36 37 38 39 40 41 42 43 44 45 46 47 48 49 50 51 52 53 54 55 56 57 58 59 60 61 62 63 64 65 66 67 68 69 70 71 72 73 74 75 76 77 78 79 80 81 82 83 84 85 86 87 88 89 90 91 92 93 94 95 96 97 98 99 100 

100
100 99 98 97 96 95 94 93 92 91 90 89 88 87 86 85 84 83 82 81 80 79 78 77 76 75 74 73 72 71 70 69 68 67 66 65 64 63 62 61 60 59 58 57 56 55 54 53 52 51 50 49 48 47 46 45 44 43 42 41 40 39 38 37 36 35 34 33 32 31 30 29 28 27 26 25 24 23 22 21 20 19 18 17 16 15 14 13 12 11 10 9 8 7 6 5 4 3 2 1 

100
99 100 97 98 95 96 93 94 91 92 89 90 87 88 85 86 83 84 81 82 79 80 77 78 75 76 73 74 71 72 69 70 67 68 65 66 63 64 61 62 59 60 57 58 55 56 53 54 51 52 49 50 47 48 45 46 43 44 41 42 39 40 37 38 35 36 33 34 31 32 29 30 27 28 25 26 23 24 21 22 19 20 17 18 15 16 13 14 11 12 9 10 7 8 5 6 3 4 1 2 

100
23 23 23 23 23 23 23 23 23 23 23 23 23 23 23 23 23 23 23 23 23 23 23 23 23 23 23 23 23 23 23 23 23 23 23 23 23 23 23 23 23 23 23 23 23 23 23 23 23 23 23 23 23 23 23 23 23 23 23 23 23 23 23 23 23 23 23 23 23 23 23 23 23 23 23 23 23 23 23 23 23 23 23 23 23 23 23 23 23 23 23 23 23 23 23 23 23 23 23 23 

100
91 76 85 82 75 100 53 86 87 48 9 22 67 52 89 22 67 20 53 30 23 16 73 22 99 16 65 2 7 16 53 82 23 16 41 86 23 80 5 66 67 60 25 14 35 52 93 66 55 48 13 58 47 28 29 66 63 84 81 46 55 56 17 54 63 60 77 62 15 4 97 62 19 80 45 94 31 52 89 70 19 44 97 22 63 48 53 86 3 56 25 54 99 36 93 26 39 40 17 6 

100
59 96 97 50 83 92 97 70 91 68 13 66 99 76 81 78 23 20 1 50 47 76 61 18 99 68 37 54 51 16 93 82 51 28 93 98 19 52 21 10 43 64 37 74 99 44 49 42 23 44 5 22 35 64 1 34 99 72 81 22 11 20 41 6 83 20 9 58 51 96 61 46 7 56 9 46 43 64 89 38 99 64 25 94 75 16 69 14 43 8 89 50 51 56 1 62 87 92 97 66 

100
71 76 65 66 91 56 5 26 71 28 45 54 79 72 5 46 43 96 37 78 11 40 5 50 23 4 17 90 39 12 37 94 91 20 85 22 3 24 85 86 43 52 13 38 83 12 13 46 35 96 37 58 31 76 49 14 91 16 41 98 3 96 93 54 35 80 77 26 39 72 85 90 31 24 97 98 75 72 5 94 7 28 53 94 19 28 25 74 39 20 25 94 39 8 5 42 47 84 5 2 

100
35 56 21 34 27 8 1 6 11 92 57 30 91 80 25 46 83 48 65 42 67 60 81 10 99 12 93 86 39 76 33 82 71 32 45 6 43 40 37 38 35 60 33 26 79 60 45 22 27 48 29 74 43 12 69 26 27 68 57 54 91 84 85 14 23 56 77 74 55 28 73 42 39 60 21 46 83 56 61 2 43 76 61 6 51 72 61 42 7 88 29 2 47 48 85 54 3 80 77 42 

100
3 4 29 14 55 28 93 34 83 24 29 70 19 88 29 62 47 8 29 66 19 28 65 66 19 40 13 66 71 8 81 54 3 76 81 22 7 44 97 22 75 92 57 74 31 32 37 2 47 64 49 66 79 44 9 22 87 52 57 82 23 36 53 86 27 24 57 38 59 92 61 26 23 16 5 74 99 12 13 22 87 56 57 74 3 44 25 30 99 100 5 86 51 16 89 54 75 48 45 98 

100
71 48 97 54 7 76 93 38 87 20 17 2 23 72 37 78 95 32 17 38 71 72 53 82 91 96 13 6 59 76 81 50 43 44 41 42 75 68 89 46 51 8 41 62 75 28 33 30 99 56 61 30 31 84 97 78 67 16 81 78 55 60 13 98 67 52 13 70 43 72 25 90 35 16 53 54 31 60 41 94 55 20 13 22 79 68 45 98 47 76 77 90 63 20 89 14 79 48 61 94 

100
43 32 29 22 79 88 1 18 47 76 61 94 43 20 65 22 83 88 5 22 43 64 65 2 95 56 61 22 55 56 61 66 23 72 37 54 15 68 17 30 95 12 1 14 39 8 81 66 23 24 89 46 55 72 37 6 83 84 37 18 63 48 21 70 51 84 41 10 67 44 57 50 15 24 73 50 55 24 61 34 99 32 65 74 27 40 69 82 27 52 33 98 19 44 29 22 59 88 37 26 

100
99 4 9 74 63 92 37 6 51 68 29 38 31 96 57 70 99 4 13 42 39 24 65 26 71 60 1 30 51 76 73 50 71 84 93 38 63 20 69 2 75 28 45 26 3 64 93 10 47 52 1 42 3 92 5 74 67 64 85 34 43 12 5 34 79 72 5 10 7 36 41 66 19 96 93 82 15 68 53 34 95 16 97 66 71 20 29 78 95 24 53 14 71 84 93 98 71 100 21 46 

100
55 88 81 86 19 64 89 78 39 4 25 38 3 32 41 38 7 96 73 30 87 100 65 30 39 56 1 22 27 52 53 34 79 4 25 62 47 68 77 18 7 100 1 82 79 28 57 18 95 28 69 38 63 56 5 82 15 64 97 46 75 4 81 54 23 28 61 58 75 44 37 94 27 48 77 86 19 36 45 98 39 4 61 66 87 52 89 6 35 64 57 66 83 40 77 18 99 84 85 42 

100
63 80 21 38 15 24 53 82 15 84 37 10 7 28 93 94 67 100 9 74 55 40 5 98 63 36 33 26 83 64 41 50 63 4 13 58 63 68 37 10 47 48 93 74 35 84 65 58 51 52 93 90 47 48 77 14 19 64 77 10 19 36 85 26 71 4 29 10 23 48 85 74 39 4 53 38 23 24 85 10 31 68 93 50 47 16 61 46 95 4 65 42 19 44 25 22 23 4 13 26 

100
19 8 17 86 11 24 41 42 95 80 61 10 39 52 45 82 11 48 97 38 27 76 29 30 11 100 69 6 47 36 37 30 87 60 49 26 67 80 53 14 35 100 9 26 3 56 9 50 15 68 85 98 99 52 37 14 43 44 89 6 19 28 57 78 39 40 57 74 11 44 69 10 99 60 45 94 87 32 33 54 47 28 73 38 79 100 81 26 75 84 53 6 47 52 5 14 43 12 69 30 

100
83 84 1 78 11 8 97 6 3 28 85 34 63 100 21 38 83 88 37 26 39 60 89 58 43 36 93 70 43 60 69 50 23 68 85 2 7 16 41 66 3 92 73 58 39 28 37 86 15 36 57 18 83 28 29 70 99 48 65 58 47 92 97 2 3 60 41 50 43 28 61 38 31 24 25 90 67 36 89 30 27 56 77 86 71 20 5 62 11 12 41 82 79 40 93 18 47 76 69 74 

0
