2
42 68
2
1 35
3
25 70 79
3
59 63 65
4
6 28 46 82
4
43 62 92 96
5
3 5 28 37 92
5
17 22 54 83 93
6
19 27 39 48 72 96
6
13 36 68 70 95 100
7
4 12 23 34 42 65 74
7
12 45 48 54 58 63 69
8
17 24 30 36 38 42 60 79
8
7 41 43 47 49 65 89 91
9
2 6 7 30 49 51 71 91 94
9
24 30 32 41 55 57 67 77 85
10
9 19 24 27 30 38 39 40 45 83
10
5 7 16 31 34 40 42 59 74 78
11
13 22 25 30 46 71 73 74 78 87 98
11
32 37 42 51 53 56 62 68 75 87 91
12
8 10 25 31 38 46 54 58 67 84 88 92
12
1 7 10 14 22 23 31 47 59 69 89 92
13
3 11 25 38 42 49 51 56 60 63 84 92 96
13
19 21 22 35 37 49 54 69 75 82 85 97 100
14
1 8 11 14 18 22 28 29 39 49 68 84 89 94
14
1 4 9 10 15 17 20 25 36 45 50 52 57 99
15
1 3 4 10 15 19 24 44 49 59 86 88 90 94 96
15
10 23 39 58 59 73 80 81 82 90 91 92 93 97 99
5
2 3 6 7 9
5
7 9 13 15 16
5
6 20 23 24 27
5
2 5 17 23 39
5
2 8 22 23 50
5
30 33 36 37 53
5
4 11 12 60 61
5
24 30 42 49 56
5
26 53 56 63 89
5
18 27 33 58 70
6
2 3 5 7 9 10
6
2 6 10 13 15 16
6
1 4 20 26 29 30
6
8 10 27 30 37 38
6
17 37 44 46 48 50
6
2 9 23 26 36 55
6
14 22 27 44 47 66
6
9 33 54 66 73 74
6
29 32 37 62 67 83
6
23 30 36 45 62 97
0
