200
0
1
2
3
4
5
6
7
8
9
10
11
12
13
14
15
16
17
18
19
20
21
22
23
24
25
26
27
28
29
30
31
32
33
34
35
36
37
38
39
40
41
42
43
44
45
46
47
48
49
50
383214103162179
25987949794965
9547386190463
403109360649
54727977508
9789158834
323749721
73482623
3672805
816060
66603
9199
246
531101081002924
10129829588965
8386809107352
928957674629
69201187783
1546293871
999107635
38203798
4025274
875461
41619
3019
428
850672390854542
18689646226476
1900016530035
327997086481
10283545984
9147608234
152338053
48745537
8079279
996623
31931
5228
445
777272711251934
58614198498766
1317630508864
790183532799
43268957549
3238914230
563009966
49394354
7514059
937990
86641
4187
466
631662321044051
17524196168970
2930914390303
777092168600
89233215789
5214372430
333467517
87015425
6114409
284597
35053
4777
572
599758129250755
86066520607614
2610271464116
956696490412
77874343010
1920620568
199587602
28150958
5617830
976804
58341
8539
421
891358432870563
62000126421651
5020612050733
388487662505
87021878972
4381233032
167686306
27799847
4053764
255713
29671
6311
966
788015653181422
95359231368971
4717410457681
392992815487
21643813526
5484620597
364657910
70396434
4741014
748596
87172
1581
596
163464155064407
29356139286269
1915651126183
249308547741
80599999284
9985760285
967053622
71988137
3938538
630384
19382
6073
818
435589342475208
84220049165933
1116109119324
821463734407
18508081937
9774086282
601515240
48731175
4266208
534201
71923
3999
803
270640063506442
46881888099458
1863288641641
665579360569
60666152245
3081829228
544988842
77037561
7682820
682670
51185
8533
538
609380679177564
99924527885058
6612207837332
749462617576
69706755298
3285252148
