100 100
0 0 999999999 999999999
0 0 999999999 999999999
0 0 999999999 999999999
0 0 999999999 999999999
0 0 999999999 999999999
0 0 999999999 999999999
0 0 999999999 999999999
0 0 999999999 999999999
0 0 999999999 999999999
0 0 999999999 999999999
0 0 999999999 999999999
0 0 999999999 999999999
0 0 999999999 999999999
0 0 999999999 999999999
0 0 999999999 999999999
0 0 999999999 999999999
0 0 999999999 999999999
0 0 999999999 999999999
0 0 999999999 999999999
0 0 999999999 999999999
0 0 999999999 999999999
0 0 999999999 999999999
0 0 999999999 999999999
0 0 999999999 999999999
0 0 999999999 999999999
0 0 999999999 999999999
0 0 999999999 999999999
0 0 999999999 999999999
0 0 999999999 999999999
0 0 999999999 999999999
0 0 999999999 999999999
0 0 999999999 999999999
0 0 999999999 999999999
0 0 999999999 999999999
0 0 999999999 999999999
0 0 999999999 999999999
0 0 999999999 999999999
0 0 999999999 999999999
0 0 999999999 999999999
0 0 999999999 999999999
0 0 999999999 999999999
0 0 999999999 999999999
0 0 999999999 999999999
0 0 999999999 999999999
0 0 999999999 999999999
0 0 999999999 999999999
0 0 999999999 999999999
0 0 999999999 999999999
0 0 999999999 999999999
0 0 999999999 999999999
0 0 999999999 999999999
0 0 999999999 999999999
0 0 999999999 999999999
0 0 999999999 999999999
0 0 999999999 999999999
0 0 999999999 999999999
0 0 999999999 999999999
0 0 999999999 999999999
0 0 999999999 999999999
0 0 999999999 999999999
0 0 999999999 999999999
0 0 999999999 999999999
0 0 999999999 999999999
0 0 999999999 999999999
0 0 999999999 999999999
0 0 999999999 999999999
0 0 999999999 999999999
0 0 999999999 999999999
0 0 999999999 999999999
0 0 999999999 999999999
0 0 999999999 999999999
0 0 999999999 999999999
0 0 999999999 999999999
0 0 999999999 999999999
0 0 999999999 999999999
0 0 999999999 999999999
0 0 999999999 999999999
0 0 999999999 999999999
0 0 999999999 999999999
0 0 999999999 999999999
0 0 999999999 999999999
0 0 999999999 999999999
0 0 999999999 999999999
0 0 999999999 999999999
0 0 999999999 999999999
0 0 999999999 999999999
0 0 999999999 999999999
0 0 999999999 999999999
0 0 999999999 999999999
0 0 999999999 999999999
0 0 999999999 999999999
0 0 999999999 999999999
0 0 999999999 999999999
0 0 999999999 999999999
0 0 999999999 999999999
0 0 999999999 999999999
0 0 999999999 999999999
0 0 999999999 999999999
0 0 999999999 999999999
0 0 999999999 999999999
377401575 103527590
147902781 662824084
368800899 35015474
486256185 508029952
267834847 62517886
836760821 180171308
790425851 595337866
149758321 111915288
388290519 644289366
675546029 647418052
326272115 767274722
675780521 343201072
969681615 744964398
861472101 116175964
686638315 303003706
868141281 430152
448521415 860847622
249606685 628650740
763719779 835903122
775811865 429995104
995405759 893145566
271520213 102736524
58258651 456633834
878442065 583689592
627576247 675280054
60335757 54802212
625503827 684462146
266032265 521827728
53047983 93253262
127474245 685333180
964990155 948921754
255202753 228891816
541269159 223573862
508382461 64846676
872078403 24265714
916896761 874748096
820312479 769267518
344858293 92728044
495896251 121741130
860811569 208521688
525761943 660932118
493907821 736209796
654007347 639686562
78746985 905261552
856000655 398328302
573199653 452336924
500965035 13903098
77067425 800624392
926677639 672112838
738083805 447624116
601077795 340946258
855826649 290603296
446673791 611009182
632626069 300568396
470157467 724011690
536744465 209209912
125632375 424218998
924723277 536951780
848832019 621937922
100427849 921528400
928152175 849140046
982848517 273032060
117488267 510737498
297607553 401944936
976832615 519488550
169262781 696425492
327681027 23081650
29357497 527748992
122112351 318597118
717307509 24943020
817623163 598124042
131525873 30557336
276057943 210666198
307876141 745569348
526854643 674049122
513050921 958077104
67651663 204674734
589704933 183911900
369828971 243475898
403521121 678593480
607323719 648760710
629039005 468890740
898613219 214168082
954620057 658378208
47820095 214809950
893052245 302734860
549668955 280083306
98299345 76790008
811863863 245900342
752577037 388801188
769681363 187663298
21417993 214295824
321184815 351503374
191235013 369732668
872952907 627561242
814397249 793282088
277244455 923090150
361230461 160857300
482877891 406511986
229119865 566623296

100 100
0 0 410943775 750011070
0 0 755610165 909024364
0 0 294916155 802188490
0 0 380648625 564073304
0 0 816411927 30616470
0 0 79702253 84099844
0 0 128680371 755750178
0 0 115738345 259061104
0 0 573908495 303781742
0 0 739021477 195899036
0 0 269136939 722214010
0 0 440265249 573178504
0 0 694224903 185738822
0 0 911255389 906360116
0 0 719240611 146262738
0 0 383253593 948555936
0 0 647166719 354664990
0 0 612396821 357089484
0 0 151748123 808130602
0 0 444983185 78060984
0 0 769084151 45610742
0 0 116761037 334599012
0 0 330014611 172606082
0 0 71628745 768156112
0 0 812032495 55766734
0 0 43796357 323562236
0 0 965387275 345530330
0 0 566496513 804873448
0 0 109399015 850004390
0 0 241230397 282664340
0 0 716228995 475863602
0 0 585341753 869736192
0 0 588192479 29271934
0 0 777460725 898405676
0 0 393342971 437894538
0 0 248152689 163829784
0 0 692766423 341715030
0 0 697895597 86662596
0 0 864576371 286370274
0 0 392564393 491885104
0 0 712754127 319234606
0 0 70408293 299554652
0 0 396021227 811900218
0 0 116386273 644446024
0 0 22437319 309285638
0 0 57323293 900199924
0 0 52132707 344117138
0 0 84079641 355147104
0 0 314261183 754433246
0 0 423999701 227678604
0 0 57608155 180275434
0 0 974865233 30912120
0 0 858881207 949862326
0 0 368913805 319819300
0 0 398052691 146508610
0 0 219944329 582426256
0 0 201807279 343611790
0 0 52920645 261422524
0 0 55052747 637040282
0 0 388571841 59914664
0 0 918965159 232049766
0 0 39949309 665143380
0 0 627519811 901152498
0 0 356020985 94227392
0 0 891567775 638335038
0 0 879328181 72778732
0 0 504729531 577911370
0 0 300269105 110845144
0 0 82354839 881086742
0 0 124707437 456828036
0 0 65892659 298780834
0 0 923026025 266478832
0 0 895913359 95844078
0 0 116931621 232393244
0 0 21355947 243026426
0 0 24647073 831237128
0 0 90693511 414348742
0 0 761058525 664319668
0 0 960204067 498425426
0 0 515643353 440871456
0 0 44909183 916748190
0 0 34942613 457323084
0 0 417171355 79799722
0 0 274854673 384523576
0 0 721617527 568974454
0 0 81899341 511161572
0 0 620791059 47822338
0 0 361507145 877648720
0 0 365363055 522978382
0 0 509770501 826408060
0 0 728468875 548228442
0 0 41547905 107859560
0 0 520320871 927302950
0 0 61815741 132816660
0 0 742793987 836201906
0 0 462831801 265945728
0 0 780004447 247995646
0 0 936456053 438093484
0 0 94643579 778715402
0 0 882003441 759879576
531119703 869663702
248647213 381973828
990237427 47078754
770427433 119030192
18918223 699646382
927850469 100638428
342273387 377375418
241617761 146134728
734049607 674650246
937502365 338887028
432627427 521107218
472813465 547223264
908658239 417985118
783598165 662585612
11650907 526308970
743020753 104268280
513848375 176942902
754839821 559132580
866450643 151322306
170234121 653140496
808844591 975548174
779250373 997936956
940864331 51490330
360091201 424420136
506618663 277647846
390032765 288980948
809320643 803544178
458739321 336998208
933662751 340209086
192796981 221525356
554911035 818008522
707070385 96984152
216294423 897087126
179449837 418186756
968960691 564135458
661749225 806952560
788460815 827968622
331198373 346837404
482164011 945439098
65093921 527979912
156270855 337654086
132986973 285295156
827284643 545307602
414135129 89438624
753830399 55744798
377048085 238803404
990969115 55601450
261239953 934293688
875936247 826537974
813115597 630431844
929510547 395459970
836234953 276927696
407105775 9261006
5039237 271620092
131275019 487930586
105126401 559050216
544752871 436128422
181545277 810674836
58176131 104486194
117934137 185750016
811477471 733254270
818561781 281540652
203615995 694718090
120475505 624402712
831305175 331772758
805624749 47811780
259670643 104047842
807779241 866433840
100073167 399363374
81267045 77213788
638160107 309000250
866612961 136839240
634864327 577082374
262553629 643711732
838381155 187978898
281960729 261528160
649973183 111435230
448632277 950022796
988855515 687282666
785130577 692489080
816952759 201820854
608365197 670533412
530708051 349977666
33426569 748327312
961258671 5798542
699525189 69326524
959962315 534977434
963836353 839978152
80392359 892112230
962007293 448678740
384113219 409043954
845897721 616824512
798641567 761602878
762735797 992798444
727551675 39062346
835933489 475669976
405901719 910845462
89423213 531968388
341200947 847170978
640530793 907403760

1 4
5 5 5 5
5 5
5 6
4 5
0 0

30 15
2 11 3 19
18 7 35 7
6 15 19 15
2 19 3 23
2 7 3 11
2 3 3 7
14 15 15 15
14 15 19 15
2 11 15 27
14 7 23 23
14 11 27 11
18 7 23 7
2 3 7 11
14 11 19 27
2 3 19 19
2 7 11 7
10 3 19 3
6 3 15 19
14 3 23 15
14 3 27 3
18 11 31 15
6 19 7 27
6 11 23 23
18 3 19 11
18 7 23 23
18 3 31 11
2 11 7 27
10 7 27 15
10 15 19 31
18 3 19 15
23 38
5 4
19 10
9 0
15 30
29 12
3 10
17 32
39 22
21 28
27 34
25 24
23 22
29 12
11 26

30 15
0 1 11 3
4 13 7 19
4 13 15 15
4 13 15 31
4 9 19 15
0 5 15 23
12 1 19 15
12 13 27 27
16 5 35 15
8 17 11 31
12 13 15 23
12 17 31 27
0 5 7 19
0 5 3 23
8 17 11 35
4 17 15 19
0 17 15 23
12 9 31 15
4 9 19 27
0 1 11 7
12 13 15 31
4 1 11 7
16 17 35 23
0 1 7 19
16 17 23 31
8 17 23 19
4 1 7 15
16 5 19 19
0 13 7 15
0 17 3 31
33 16
7 6
5 36
35 18
17 24
23 38
5 20
11 26
25 8
23 14
5 36
19 2
17 16
23 38
21 4

30 15
2 19 19 19
14 3 15 15
14 3 23 19
6 7 19 19
6 19 19 27
14 19 31 23
2 15 7 27
2 3 11 3
2 3 19 15
2 7 11 23
6 7 19 19
14 3 31 7
10 11 19 23
6 7 19 23
18 3 27 19
18 15 23 19
10 3 19 11
2 7 15 11
18 3 35 15
2 3 11 7
10 7 19 19
6 15 11 15
14 3 15 7
18 3 19 7
2 3 7 15
18 7 23 23
10 3 11 3
14 19 23 19
18 11 19 15
10 7 27 23
35 26
9 8
39 30
5 28
35 26
9 16
39 6
5 28
19 26
33 32
39 14
5 28
35 2
9 8
7 14

30 15
4 17 15 35
16 13 19 15
8 5 15 23
16 17 35 35
16 13 19 23
8 9 27 27
4 13 15 19
12 13 19 19
12 17 31 35
0 5 3 19
12 5 23 11
4 13 15 15
8 9 11 11
0 17 7 27
16 5 23 7
4 13 23 15
0 17 7 19
16 5 35 23
8 17 23 19
12 9 31 11
8 9 15 11
4 1 19 7
0 5 11 7
12 17 19 35
16 5 31 19
16 17 23 19
8 9 15 27
4 17 15 23
16 1 35 3
0 9 7 11
37 20
3 10
9 24
15 6
29 28
35 26
25 16
39 30
21 4
11 10
1 0
39 38
37 12
35 26
33 8

30 15
2 15 11 31
2 15 11 19
14 15 23 31
6 19 19 27
14 19 19 19
6 15 15 31
10 7 27 15
2 7 7 19
18 7 23 15
18 11 27 15
18 11 35 15
10 3 19 7
14 19 19 19
2 7 15 15
14 3 23 7
6 15 15 19
6 11 11 15
6 15 23 19
10 15 15 19
18 3 23 11
14 19 27 23
6 15 7 27
14 19 23 35
6 19 7 19
10 7 19 23
10 3 23 19
14 3 27 11
2 11 15 23
10 15 11 31
6 19 19 35
23 38
29 28
27 26
17 24
15 14
13 12
27 26
25 32
7 14
37 36
3 18
9 16
15 30
29 4
35 34

30 15
12 5 23 7
4 13 19 23
8 9 19 15
12 1 27 3
0 1 11 7
4 13 7 23
4 5 19 19
12 9 27 11
12 17 27 35
8 5 27 23
16 1 31 3
12 13 31 19
12 17 31 19
8 13 15 23
8 9 15 15
12 9 19 15
12 1 23 11
16 13 19 31
12 5 31 23
4 13 11 31
16 1 31 3
12 17 19 23
16 13 19 31
12 17 31 31
4 17 15 19
16 13 31 27
16 5 27 7
4 1 23 7
4 13 7 15
12 9 15 23
9 32
15 30
13 4
11 18
1 8
23 14
13 36
27 18
17 0
39 14
5 12
35 2
25 24
7 14
29 36

30 15
6 15 7 19
18 11 35 19
6 15 7 27
10 15 23 19
18 19 35 31
18 15 27 15
18 7 35 23
10 3 27 19
2 11 3 23
6 7 15 19
6 15 11 19
18 15 19 31
2 7 15 23
6 7 15 19
2 3 11 19
6 3 19 19
10 7 27 15
14 19 15 19
2 3 19 19
6 19 15 19
2 15 15 31
18 7 31 7
6 7 7 11
2 11 11 15
6 7 19 7
2 3 7 19
14 3 19 15
18 19 35 19
18 7 31 15
2 3 11 15
35 26
9 8
15 14
5 28
35 18
9 16
39 6
5 12
19 34
33 32
39 14
29 28
19 10
17 24
7 30

30 15
12 5 31 15
16 5 23 11
8 5 19 23
8 17 27 31
12 5 31 7
12 13 31 23
12 9 19 27
8 13 23 27
12 13 23 19
4 1 7 3
12 13 19 31
12 13 15 23
12 13 15 19
12 1 27 7
16 1 27 3
4 13 19 15
0 1 3 7
12 17 19 35
16 5 35 11
16 9 35 19
12 1 23 15
16 9 27 19
8 9 19 11
16 1 35 11
16 5 27 7
12 17 27 31
12 5 27 15
0 13 11 31
4 1 11 3
0 5 15 19
21 36
11 2
9 24
31 30
13 12
3 2
33 24
31 38
21 12
11 18
1 0
7 14
29 4
11 34
33 24

30 15
14 19 27 35
2 7 7 11
2 15 15 31
2 15 15 19
14 3 15 11
14 11 15 15
6 19 11 19
14 15 31 27
14 19 19 31
14 11 15 15
2 7 19 15
2 19 3 27
18 3 31 15
10 15 19 23
2 7 19 15
10 15 19 15
6 3 11 7
6 3 11 3
6 19 19 35
6 7 19 15
6 15 23 19
14 15 23 15
14 3 23 7
6 19 19 31
18 3 23 15
2 15 15 15
6 3 11 15
18 3 27 7
18 11 31 27
6 19 23 35
15 30
13 12
11 18
17 24
15 22
13 4
35 34
25 8
31 38
13 28
3 34
25 16
31 6
13 20
35 26

30 15
12 5 31 15
12 9 15 23
0 13 19 31
8 1 27 15
12 1 31 11
0 13 3 27
4 1 15 3
16 1 35 7
12 9 15 27
4 13 23 15
16 5 19 23
0 5 11 23
16 9 31 23
8 5 11 11
16 1 27 7
12 17 19 19
4 9 11 11
0 1 7 19
4 17 15 23
0 17 15 35
8 9 23 19
16 1 23 19
12 1 27 3
0 9 19 23
0 9 15 15
8 17 27 27
0 9 3 11
16 1 31 19
8 9 11 23
4 1 19 11
17 32
15 14
29 28
35 18
25 8
7 22
37 36
27 2
33 16
31 30
5 20
19 34
25 16
23 14
29 36

30 15
6 19 15 19
10 15 15 23
18 19 31 31
6 15 7 23
6 11 15 15
14 3 27 7
2 7 19 7
10 11 15 15
10 11 27 11
18 3 31 19
18 7 35 11
6 3 23 11
10 11 27 11
18 15 23 27
6 7 11 19
10 11 15 27
6 15 15 27
6 11 19 23
14 15 15 15
10 11 23 27
10 3 23 7
6 3 23 3
14 3 31 11
10 7 23 23
10 3 27 15
10 15 11 27
14 19 23 23
14 7 15 7
6 7 7 7
6 3 7 15
19 34
1 8
39 14
37 4
35 26
33 0
7 14
21 28
19 10
33 16
31 38
13 20
11 2
25 8
7 38

30 15
16 5 35 15
0 13 19 27
8 13 15 27
16 1 35 11
4 1 7 3
12 1 31 3
0 9 11 11
0 1 3 15
4 13 19 27
0 1 11 7
0 17 11 19
16 13 23 15
0 13 15 31
12 17 15 31
12 5 19 7
0 17 3 27
4 17 7 31
8 17 23 31
8 1 23 19
16 5 31 7
0 1 7 15
0 13 11 27
16 13 19 27
4 9 19 19
16 17 19 35
8 1 11 3
12 1 23 3
12 13 23 31
4 17 19 27
8 5 27 19
29 36
19 34
17 16
23 14
21 20
3 26
33 0
23 38
21 4
35 34
1 0
15 22
37 36
27 18
1 8

30 15
2 3 3 15
10 19 11 35
14 3 27 7
18 15 23 15
18 11 27 27
14 11 15 23
18 11 23 15
10 3 23 3
14 7 27 23
18 11 19 15
10 11 27 27
14 3 27 3
6 11 19 15
2 15 11 23
6 15 7 15
14 19 27 35
10 11 23 19
2 15 19 15
18 3 31 19
18 19 27 31
14 19 15 19
2 19 7 27
18 11 27 15
6 3 7 11
2 15 15 23
2 7 15 19
18 3 23 11
10 3 19 11
10 15 19 19
2 3 11 3
31 22
29 28
27 26
33 32
31 6
21 28
3 34
33 0
15 38
37 4
3 10
9 24
31 6
5 4
19 18

30 15
4 13 15 31
0 9 15 19
12 1 27 3
4 9 19 19
12 1 15 11
8 5 23 19
4 17 19 35
16 1 27 11
8 9 23 11
0 9 7 11
8 13 27 19
0 5 15 11
8 1 23 7
8 1 27 7
4 9 11 23
16 17 35 31
0 1 7 11
8 13 15 19
16 9 19 23
0 17 7 19
4 1 23 15
0 5 3 19
8 17 15 27
4 13 19 15
8 13 11 19
12 1 19 3
0 13 15 23
8 5 23 15
0 17 7 19
0 13 3 23
17 0
7 22
13 12
3 10
9 32
15 6
37 28
27 34
17 24
39 30
13 28
19 10
9 32
7 22
5 36

30 15
6 19 11 31
18 3 19 11
10 15 15 31
18 11 23 11
2 11 7 11
10 11 19 23
18 15 31 23
6 11 15 23
14 19 31 19
10 11 15 27
2 11 3 19
18 15 27 27
14 3 15 7
18 3 27 19
2 15 3 19
18 15 35 27
14 11 15 27
10 15 19 31
10 19 11 35
14 19 19 31
6 3 7 19
10 19 11 27
14 15 27 23
14 3 23 15
2 3 7 7
2 19 19 35
10 15 27 31
18 11 27 19
10 15 15 27
14 3 23 7
3 2
33 16
15 6
29 28
27 2
9 24
7 38
29 4
27 18
25 24
39 30
21 28
11 26
33 0
39 22

30 15
12 9 23 11
4 1 11 15
4 5 19 11
8 5 11 15
4 13 19 31
4 1 7 7
16 9 23 19
16 13 27 19
0 5 15 15
16 13 31 15
12 9 15 27
0 13 11 31
12 5 27 23
4 13 15 19
12 13 23 23
8 5 11 15
12 1 15 15
8 1 23 7
8 9 23 27
12 17 15 27
8 17 23 31
8 5 27 11
8 1 19 3
0 17 11 23
4 9 23 23
16 13 35 27
4 17 19 23
12 17 31 31
8 1 23 15
12 9 23 19
37 12
27 18
25 32
15 30
13 12
35 26
25 24
31 14
5 4
35 2
9 24
39 38
5 4
3 34
33 8

30 15
10 11 23 11
2 3 7 19
6 7 11 11
10 7 15 23
14 7 31 7
2 11 11 27
14 7 31 7
18 15 27 19
14 11 27 27
18 15 35 15
14 3 23 15
18 19 27 27
2 11 15 27
2 19 7 19
2 11 19 15
18 3 23 3
18 3 27 7
14 15 23 23
6 3 19 3
6 15 15 27
10 3 11 15
10 19 19 35
18 3 27 7
10 3 27 15
14 11 23 23
18 3 31 7
6 3 11 19
6 11 19 11
14 3 31 15
6 11 19 23
39 30
21 28
35 2
25 24
7 14
37 20
19 26
25 24
15 38
29 12
19 34
25 0
23 6
5 36
3 26

30 15
8 5 23 11
0 1 7 3
16 17 27 31
4 1 7 11
0 13 3 23
12 17 19 19
0 5 15 15
16 5 23 19
16 5 31 23
8 9 19 11
12 5 15 23
8 9 27 15
0 5 15 7
8 5 23 7
4 9 15 19
12 5 15 11
0 13 3 23
16 1 35 19
16 17 27 35
4 1 7 3
12 9 27 27
8 17 23 19
16 5 35 11
16 5 35 7
0 1 7 19
0 5 11 11
8 17 15 31
16 17 35 35
12 17 31 19
8 1 23 15
25 24
15 6
5 36
35 34
1 16
31 38
5 36
35 34
17 32
39 30
5 36
27 10
17 24
31 38
13 36

30 15
6 3 7 7
2 19 7 23
6 15 7 27
2 19 3 19
2 7 15 23
10 7 11 23
10 19 11 19
6 19 11 31
10 7 11 23
10 11 27 11
14 15 23 15
2 19 3 23
6 7 23 11
6 15 11 15
18 3 19 15
10 15 19 15
10 19 11 27
14 7 31 19
18 15 35 19
10 7 15 11
6 11 23 27
2 19 3 35
10 7 23 7
18 19 31 35
2 3 15 7
6 15 15 15
6 3 11 3
18 15 23 19
14 19 23 31
6 11 19 11
35 10
1 8
15 38
13 20
11 34
25 24
39 14
5 12
19 2
17 8
15 38
29 36
35 26
1 32
23 30

30 15
8 9 11 11
8 9 15 27
4 13 15 23
16 17 19 31
16 5 35 7
12 5 19 23
4 1 7 7
8 9 11 11
16 13 27 23
8 1 23 7
16 5 31 11
12 9 27 15
12 1 19 11
8 5 27 23
4 17 11 35
16 5 19 11
0 13 11 27
12 1 15 7
0 5 15 19
0 9 11 23
16 17 35 23
12 1 23 15
4 9 19 15
8 9 15 19
4 9 7 23
8 1 23 11
12 5 31 11
8 5 11 7
16 17 31 31
8 17 23 19
21 20
11 10
25 32
39 22
29 4
3 2
33 16
23 14
5 28
11 26
33 8
23 14
21 28
3 26
25 24

0 0
