243
0 -125
1 -125
2 -125
3 -125
4 -125
5 -125
6 -125
7 -125
8 -125
9 -125
10 -125
11 -125
12 -125
13 -125
14 -125
15 -125
16 -125
17 -125
18 -125
19 -125
20 -125
0 -100
1 -100
2 -100
3 -100
4 -100
5 -100
6 -100
7 -100
8 -100
9 -100
10 -100
11 -100
12 -100
13 -100
14 -100
15 -100
16 -100
17 -100
18 -100
19 -100
20 -100
0 -75
1 -75
2 -75
3 -75
4 -75
5 -75
6 -75
7 -75
8 -75
9 -75
10 -75
11 -75
12 -75
13 -75
14 -75
15 -75
16 -75
17 -75
18 -75
19 -75
20 -75
0 -50
1 -50
2 -50
3 -50
4 -50
5 -50
6 -50
7 -50
8 -50
9 -50
10 -50
11 -50
12 -50
13 -50
14 -50
15 -50
16 -50
17 -50
18 -50
19 -50
20 -50
0 -25
1 -25
2 -25
3 -25
4 -25
5 -25
6 -25
7 -25
8 -25
9 -25
10 -25
11 -25
12 -25
13 -25
14 -25
15 -25
16 -25
17 -25
18 -25
19 -25
20 -25
0 0
1 0
2 0
3 0
4 0
5 0
6 0
7 0
8 0
9 0
10 0
11 0
12 0
13 0
14 0
15 0
16 0
17 0
18 0
19 0
20 0
0 25
1 25
2 25
3 25
4 25
5 25
6 25
7 25
8 25
9 25
10 25
11 25
12 25
13 25
14 25
15 25
16 25
17 25
18 25
19 25
20 25
0 50
1 50
2 50
3 50
4 50
5 50
6 50
7 50
8 50
9 50
10 50
11 50
12 50
13 50
14 50
15 50
16 50
17 50
18 50
19 50
20 50
0 75
1 75
2 75
3 75
4 75
5 75
6 75
7 75
8 75
9 75
10 75
11 75
12 75
13 75
14 75
15 75
16 75
17 75
18 75
19 75
20 75
0 100
1 100
2 100
3 100
4 100
5 100
6 100
7 100
8 100
9 100
10 100
11 100
12 100
13 100
14 100
15 100
16 100
17 100
18 100
19 100
20 100
0 125
1 125
2 125
3 125
4 125
5 125
6 125
7 125
8 125
9 125
10 125
11 125
12 125
13 125
14 125
15 125
16 125
17 125
18 125
19 125
20 125
20 1000
20 -1000
20 999
20 -999
20 998
20 -998
20 997
20 -997
20 996
20 -996
20 995
20 -995
