2 2
3 3
3 2
2 3
4 4
4 2
2 4
4 3
3 4
5 5
5 2
2 5
5 3
3 5
5 4
4 5
6 6
6 2
2 6
6 3
3 6
6 4
4 6
6 5
5 6
7 7
7 2
2 7
7 3
3 7
7 4
4 7
7 5
5 7
7 6
6 7
8 8
8 2
2 8
8 3
3 8
8 4
4 8
8 5
5 8
8 6
6 8
8 7
7 8
9 9
9 2
2 9
9 3
3 9
9 4
4 9
9 5
5 9
9 6
6 9
9 7
7 9
9 8
8 9
10 10
10 2
2 10
10 3
3 10
10 4
4 10
10 5
5 10
10 6
6 10
10 7
7 10
10 8
8 10
10 9
9 10
167 141
100 134
124 169
158 178
164 162
145 105
127 181
191 161
142 195
136 127
104 191
153 102
182 192
116 121
195 118
126 147
138 171
112 169
199 167
194 135
111 103
133 122
164 173
111 141
168 153
144 147
157 162
159 137
141 123
178 129
135 116
142 190
106 188
142 140
148 164
105 146
129 190
150 170
101 106
148 193
123 129
154 184
140 156
176 166
108 131
139 144
123 126
138 137
182 118
141 129
1115 1833
1658 1639
1930 1704
1306 1977
1386 1673
1745 1021
1072 1924
1829 1270
1573 1777
1512 1097
1290 1986
1636 1161
1767 1355
1574 1655
1052 1031
1150 1350
1724 1941
1430 1966
1191 1107
1337 1007
1287 1457
1383 1753
1909 1945
1758 1209
1588 1221
1946 1422
1030 1506
1168 1413
1591 1900
1655 1762
1359 1410
1537 1624
1483 1548
1041 1595
1350 1602
1836 1291
1020 1374
1021 1596
1199 1348
1484 1668
1734 1281
1999 1053
1938 1418
1788 1900
1467 1127
1893 1728
1483 1648
1421 1807
1617 1310
1514 1813
17616 14309
17451 18935
15249 10600
11556 16519
10303 12798
11008 16224
12609 15844
12702 14989
10485 13195
14343 13093
11587 10523
19503 19314
15200 17448
16618 13458
19796 10580
15281 14798
10798 19589
17157 18009
13622 10472
12292 18538
14179 16038
19657 18190
16191 17958
12888 19815
11511 19156
12634 16202
10055 14272
12646 10328
14886 16362
18433 18875
10142 19869
11416 13844
11998 11881
18651 10322
15699 10021
18476 13557
14389 17892
10712 15075
12510 12600
16869 11003
14688 17861
19789 13401
16423 15255
10585 15002
10285 14182
11426 17088
13757 18617
10932 19832
12154 14169
17189 15721
28104 42656
40875 29266
78792 18700
88884 71423
86913 44834
76635 11552
46030 13616
16970 51914
33036 53718
43115 52805
56896 71240
62372 93264
90750 36618
60996 34188
79505 15218
70428 91024
85235 27578
82250 69478
24736 87916
15148 52310
59639 74686
33375 68732
81356 18041
74296 15465
55900 45755
55360 87632
26750 17160
76680 40375
39744 50716
56886 90054
18884 76352
47088 43600
21560 60570
33550 53752
71852 93155
97498 70875
22712 63960
67724 25308
56357 92375
40640 35432
39780 97481
81817 12560
85960 81444
31700 43724
87462 86280
85668 84516
89260 13200
51155 28096
14482 81782
31712 87104
0 0
