28
0
10
110
1110
11110
111110
1111110
11111110
111111110
1111111110 
200
2200200
21010
2021010
202200200
22000
221000
12200200
2220200112000
111221011211000
202202020102121200010
2021201220021122021100200201221112120222101000002201000
1112220022120221211112100110101022200111120121102010022011002212212000000
221201201202110212211011120222111011211200022220000000000
1122100211200122221020121201100022201212100020000
21201102202101100
11111222002021020100
221220012212201202021022010120011221111220001011002102200000
