300 5
1 10000000
1 10000000
1 10000000
1 10000000
1 10000000
1 10000000
1 10000000
1 10000000
1 10000000
1 10000000
1 10000000
1 10000000
1 10000000
1 10000000
1 10000000
1 10000000
1 10000000
1 10000000
1 10000000
1 10000000
1 10000000
1 10000000
1 10000000
1 10000000
1 10000000
1 10000000
1 10000000
1 10000000
1 10000000
1 10000000
1 10000000
1 10000000
1 10000000
1 10000000
1 10000000
1 10000000
1 10000000
1 10000000
1 10000000
1 10000000
1 10000000
1 10000000
1 10000000
1 10000000
1 10000000
1 10000000
1 10000000
1 10000000
1 10000000
1 10000000
1 10000000
1 10000000
1 10000000
1 10000000
1 10000000
1 10000000
1 10000000
1 10000000
1 10000000
1 10000000
1 10000000
1 10000000
1 10000000
1 10000000
1 10000000
1 10000000
1 10000000
1 10000000
1 10000000
1 10000000
1 10000000
1 10000000
1 10000000
1 10000000
1 10000000
1 10000000
1 10000000
1 10000000
1 10000000
1 10000000
1 10000000
1 10000000
1 10000000
1 10000000
1 10000000
1 10000000
1 10000000
1 10000000
1 10000000
1 10000000
1 10000000
1 10000000
1 10000000
1 10000000
1 10000000
1 10000000
1 10000000
1 10000000
1 10000000
1 10000000
1 10000000
1 10000000
1 10000000
1 10000000
1 10000000
1 10000000
1 10000000
1 10000000
1 10000000
1 10000000
1 10000000
1 10000000
1 10000000
1 10000000
1 10000000
1 10000000
1 10000000
1 10000000
1 10000000
1 10000000
1 10000000
1 10000000
1 10000000
1 10000000
1 10000000
1 10000000
1 10000000
1 10000000
1 10000000
1 10000000
1 10000000
1 10000000
1 10000000
1 10000000
1 10000000
1 10000000
1 10000000
1 10000000
1 10000000
1 10000000
1 10000000
1 10000000
1 10000000
1 10000000
1 10000000
1 10000000
1 10000000
1 10000000
1 10000000
1 10000000
1 10000000
1 10000000
1 10000000
1 10000000
1 10000000
1 10000000
1 10000000
1 10000000
1 10000000
1 10000000
1 10000000
1 10000000
1 10000000
1 10000000
1 10000000
1 10000000
1 10000000
1 10000000
1 10000000
1 10000000
1 10000000
1 10000000
1 10000000
1 10000000
1 10000000
1 10000000
1 10000000
1 10000000
1 10000000
1 10000000
1 10000000
1 10000000
1 10000000
1 10000000
1 10000000
1 10000000
1 10000000
1 10000000
1 10000000
1 10000000
1 10000000
1 10000000
1 10000000
1 10000000
1 10000000
1 10000000
1 10000000
1 10000000
1 10000000
1 10000000
1 10000000
1 10000000
1 10000000
1 10000000
1 10000000
1 10000000
1 10000000
1 10000000
1 10000000
1 10000000
1 10000000
1 10000000
1 10000000
1 10000000
1 10000000
1 10000000
1 10000000
1 10000000
1 10000000
1 10000000
1 10000000
1 10000000
1 10000000
1 10000000
1 10000000
1 10000000
1 10000000
1 10000000
1 10000000
1 10000000
1 10000000
1 10000000
1 10000000
1 10000000
1 10000000
1 10000000
1 10000000
1 10000000
1 10000000
1 10000000
1 10000000
1 10000000
1 10000000
1 10000000
1 10000000
1 10000000
1 10000000
1 10000000
1 10000000
1 10000000
1 10000000
1 10000000
1 10000000
1 10000000
1 10000000
1 10000000
1 10000000
1 10000000
1 10000000
1 10000000
1 10000000
1 10000000
1 10000000
1 10000000
1 10000000
1 10000000
1 10000000
1 10000000
1 10000000
1 10000000
1 10000000
1 10000000
1 10000000
1 10000000
1 10000000
1 10000000
1 10000000
1 10000000
1 10000000
1 10000000
1 10000000
1 10000000
1 10000000
1 10000000
1 10000000
1 10000000
1 10000000
1 10000000
1 10000000
1 10000000
1 10000000
1 10000000
1 10000000
1 10000000
1 10000000
1 10000000
1 10000000
1 10000000
1 10000000
1 10000000
1
105
123456
9999999
10000000

100 100
76 91
82 85
75 100
53 86
48 87
9 22
52 67
22 89
20 67
30 53
16 23
22 73
16 99
2 65
7 16
53 82
16 23
41 86
23 80
5 66
60 67
14 25
35 52
66 93
48 55
13 58
28 47
29 66
63 84
46 81
55 56
17 54
60 63
62 77
4 15
62 97
19 80
45 94
31 52
70 89
19 44
22 97
48 63
53 86
3 56
25 54
36 99
26 93
39 40
6 17
59 96
50 97
83 92
70 97
68 91
13 66
76 99
78 81
20 23
1 50
47 76
18 61
68 99
37 54
16 51
82 93
28 51
93 98
19 52
10 21
43 64
37 74
44 99
42 49
23 44
5 22
35 64
1 34
72 99
22 81
11 20
6 41
20 83
9 58
51 96
46 61
7 56
9 46
43 64
38 89
64 99
25 94
16 75
14 69
8 43
50 89
51 56
1 62
87 92
66 97
1
2
3
4
5
6
7
8
9
10
11
12
13
14
15
16
17
18
19
20
21
22
23
24
25
26
27
28
29
30
31
32
33
34
35
36
37
38
39
40
41
42
43
44
45
46
47
48
49
50
51
52
53
54
55
56
57
58
59
60
61
62
63
64
65
66
67
68
69
70
71
72
73
74
75
76
77
78
79
80
81
82
83
84
85
86
87
88
89
90
91
92
93
94
95
96
97
98
99
100

100 100
71 76
65 66
56 91
5 26
28 71
45 54
72 79
5 46
43 96
37 78
11 40
5 50
4 23
17 90
12 39
37 94
20 91
22 85
3 24
85 86
43 52
13 38
12 83
13 46
35 96
37 58
31 76
14 49
16 91
41 98
3 96
54 93
35 80
26 77
39 72
85 90
24 31
97 98
72 75
5 94
7 28
53 94
19 28
25 74
20 39
25 94
8 39
5 42
47 84
2 5
35 56
21 34
8 27
1 6
11 92
30 57
80 91
25 46
48 83
42 65
60 67
10 81
12 99
86 93
39 76
33 82
32 71
6 45
40 43
37 38
35 60
26 33
60 79
22 45
27 48
29 74
12 43
26 69
27 68
54 57
84 91
14 85
23 56
74 77
28 55
42 73
39 60
21 46
56 83
2 61
43 76
6 61
51 72
42 61
7 88
2 29
47 48
54 85
3 80
42 77
1
2
3
4
5
6
7
8
9
10
11
12
13
14
15
16
17
18
19
20
21
22
23
24
25
26
27
28
29
30
31
32
33
34
35
36
37
38
39
40
41
42
43
44
45
46
47
48
49
50
51
52
53
54
55
56
57
58
59
60
61
62
63
64
65
66
67
68
69
70
71
72
73
74
75
76
77
78
79
80
81
82
83
84
85
86
87
88
89
90
91
92
93
94
95
96
97
98
99
100

5 6
3 3
2323 2323
999999 999999
101 101
3 3
2323
1
999999
3
101
2

0 0

